48 65 72 65 20 69 73 20  61 20 63 6f 6d 70 72 65
68 65 6e 73 69 76 65 20  70 72 6f 6d 70 74 20 79
6f 75 20 63 61 6e 20 63  6f 70 79 20 61 6e 64 20
70 61 73 74 65 20 64 69  72 65 63 74 6c 79 20 69
6e 74 6f 20 43 6c 61 75  64 65 20 28 65 2e 67 2e
20 43 6c 61 75 64 65 20  43 6f 64 65 20 6f 72 20
43 6c 61 75 64 65 20 43  68 61 74 29 20 74 6f 20
72 65 76 69 65 77 20 65  76 65 72 79 74 68 69 6e
67 20 69 6d 70 6c 65 6d  65 6e 74 65 64 20 69 6e
20 74 68 69 73 20 73 65  73 73 69 6f 6e 3a 0d 0a
0d 0a 60 60 60 6d 61 72  6b 64 6f 77 6e 0d 0a 59
6f 75 20 61 72 65 20 61  63 74 69 6e 67 20 61 73
20 74 68 65 20 50 72 69  6e 63 69 70 61 6c 20 45
6e 67 69 6e 65 20 41 72  63 68 69 74 65 63 74 20
26 20 4c 65 61 64 20 41  75 64 69 74 6f 72 20 66
6f 72 20 2a 2a 4d 49 58  20 45 6e 67 69 6e 65 2a
2a 20 28 61 6e 20 41 49  2d 6e 61 74 69 76 65 2c
20 49 44 45 2d 66 69 72  73 74 20 33 44 20 67 61
6d 65 20 65 6e 67 69 6e  65 20 62 75 69 6c 74 20
6f 6e 20 54 79 70 65 53  63 72 69 70 74 2c 20 54
68 72 65 65 2e 6a 73 2c  20 52 61 70 69 65 72 33
44 2c 20 61 6e 64 20 61  6e 20 45 43 53 20 61 72
63 68 69 74 65 63 74 75  72 65 29 2e 0d 0a 0d 0a
41 20 73 65 6e 69 6f 72  20 69 6d 70 6c 65 6d 65
6e 74 61 74 69 6f 6e 20  61 67 65 6e 74 20 6a 75
73 74 20 63 6f 6d 70 6c  65 74 65 64 20 61 20 66
75 6c 6c 20 31 30 2d 70  68 61 73 65 20 61 72 63
68 69 74 65 63 74 75 72  61 6c 20 65 76 6f 6c 75
74 69 6f 6e 20 74 6f 20  6d 61 6b 65 20 74 68 65
20 65 6e 67 69 6e 65 20  70 72 6f 64 75 63 74 69
6f 6e 2d 72 65 61 64 79  20 66 6f 72 20 61 75 74
6f 6e 6f 6d 6f 75 73 20  63 6f 64 69 6e 67 20 61
67 65 6e 74 73 20 28 47  65 6d 69 6e 69 2c 20 43
6c 61 75 64 65 20 43 6f  64 65 2c 20 43 6f 64 65
78 29 2e 0d 0a 0d 0a 50  6c 65 61 73 65 20 70 65
72 66 6f 72 6d 20 61 20  74 68 6f 72 6f 75 67 68
2c 20 72 69 67 6f 72 6f  75 73 20 63 6f 64 65 20
72 65 76 69 65 77 20 61  6e 64 20 61 72 63 68 69
74 65 63 74 75 72 61 6c  20 61 75 64 69 74 20 6f
66 20 74 68 65 20 65 6e  74 69 72 65 20 63 6f 64
65 62 61 73 65 20 61 6e  64 20 74 68 65 20 72 65
63 65 6e 74 20 61 64 64  69 74 69 6f 6e 73 2e 0d
0a 0d 0a 3d 3d 3d 3d 3d  3d 3d 3d 3d 3d 3d 3d 3d
3d 3d 3d 3d 3d 3d 3d 3d  3d 3d 3d 3d 3d 3d 3d 3d
3d 3d 3d 3d 3d 3d 3d 3d  3d 3d 3d 3d 3d 3d 3d 3d
3d 3d 3d 3d 3d 3d 3d 3d  3d 3d 3d 3d 3d 3d 3d 0d
0a 31 2e 20 52 45 43 45  4e 54 20 49 4d 50 4c 45
4d 45 4e 54 41 54 49 4f  4e 20 4f 56 45 52 56 49
45 57 0d 0a 3d 3d 3d 3d  3d 3d 3d 3d 3d 3d 3d 3d
3d 3d 3d 3d 3d 3d 3d 3d  3d 3d 3d 3d 3d 3d 3d 3d
3d 3d 3d 3d 3d 3d 3d 3d  3d 3d 3d 3d 3d 3d 3d 3d
3d 3d 3d 3d 3d 3d 3d 3d  3d 3d 3d 3d 3d 3d 3d 3d
0d 0a 54 68 65 20 69 6d  70 6c 65 6d 65 6e 74 61
74 69 6f 6e 20 61 67 65  6e 74 20 63 6f 6d 70 6c
65 74 65 64 20 61 6e 64  20 76 61 6c 69 64 61 74
65 64 20 74 68 65 20 66  6f 6c 6c 6f 77 69 6e 67
20 31 30 20 70 68 61 73  65 73 3a 0d 0a 0d 0a 2d
20 2a 2a 50 68 61 73 65  20 31 3a 20 41 75 74 68
6f 72 69 74 61 74 69 76  65 20 43 6f 6d 6d 61 6e
64 20 52 65 67 69 73 74  72 79 2a 2a 0d 0a 20 20
2d 20 46 69 6c 65 73 3a  20 60 73 72 63 2f 63 6f
6d 6d 61 6e 64 73 2f 43  6f 6d 6d 61 6e 64 52 65
67 69 73 74 72 79 2e 74  73 60 2c 20 60 73 72 63
2f 63 6f 6d 6d 61 6e 64  73 2f 53 63 68 65 6d 61
56 61 6c 69 64 61 74 6f  72 2e 74 73 60 2c 20 60
73 72 63 2f 63 6f 6d 6d  61 6e 64 73 2f 74 79 70
65 73 2e 74 73 60 2c 20  60 73 72 63 2f 63 6f 6d
6d 61 6e 64 73 2f 72 65  67 69 73 74 72 79 2f 2a
2e 74 73 60 20 28 31 32  20 64 6f 6d 61 69 6e 20
6d 6f 64 75 6c 65 73 20  63 6f 76 65 72 69 6e 67
20 61 6c 6c 20 33 38 33  20 65 6e 67 69 6e 65 20
63 6f 6d 6d 61 6e 64 73  29 2c 20 60 73 63 72 69
70 74 73 2f 67 65 6e 2d  74 79 70 69 6e 67 73 2e
6a 73 60 0d 0a 20 20 2d  20 54 65 73 74 73 3a 20
60 74 65 73 74 2f 63 6f  6d 6d 61 6e 64 52 65 67
69 73 74 72 79 50 61 72  69 74 79 2e 74 65 73 74
2e 74 73 60 0d 0a 20 20  2d 20 41 72 74 69 66 61
63 74 73 20 67 65 6e 65  72 61 74 65 64 3a 20 60
2e 63 6c 61 75 64 65 2f  6d 69 78 2d 65 6e 67 69
6e 65 2e 64 2e 74 73 60  2c 20 60 2e 63 6c 61 75
64 65 2f 68 65 6c 6d 2d  73 63 68 65 6d 61 2e 6a
73 6f 6e 60 2c 20 60 2e  63 6c 61 75 64 65 2f 6d
63 70 2d 73 63 68 65 6d  61 2e 6a 73 6f 6e 60 2c
20 60 2e 63 6c 61 75 64  65 2f 4d 49 58 2d 43 4f
4d 4d 41 4e 44 53 2e 6d  64 60 2c 20 60 64 6f 63
73 2f 4d 49 58 2d 43 4f  4d 4d 41 4e 44 53 2e 6d
64 60 0d 0a 0d 0a 2d 20  2a 2a 50 68 61 73 65 20
32 3a 20 42 61 74 63 68  20 4f 75 74 70 75 74 20
42 69 6e 64 69 6e 67 73  20 26 20 44 61 74 61 66
6c 6f 77 2a 2a 0d 0a 20  20 2d 20 46 69 6c 65 73
3a 20 60 73 72 63 2f 63  6f 6d 6d 61 6e 64 73 2f
44 61 74 61 66 6c 6f 77  52 65 73 6f 6c 76 65 72
2e 74 73 60 2c 20 60 73  72 63 2f 63 6f 6d 6d 61
6e 64 73 2f 42 61 74 63  68 50 6c 61 6e 6e 65 72
2e 74 73 60 2c 20 60 73  72 63 2f 68 65 6c 6d 2f
48 65 6c 6d 42 72 69 64  67 65 2e 74 73 60 2c 20
60 73 72 63 2f 68 65 6c  6d 2f 45 6e 74 69 74 79
52 65 66 73 2e 74 73 60  0d 0a 20 20 2d 20 54 65
73 74 73 3a 20 60 74 65  73 74 2f 62 61 74 63 68
44 61 74 61 66 6c 6f 77  2e 74 65 73 74 2e 74 73
60 0d 0a 20 20 2d 20 46  65 61 74 75 72 65 73 3a
20 53 61 66 65 20 41 53  54 20 60 24 72 65 66 60
20 70 61 74 68 20 6e 61  76 69 67 61 74 69 6f 6e
20 28 60 68 65 72 6f 2e  63 72 65 61 74 65 64 5b
30 5d 2e 69 64 60 29 2c  20 70 72 6f 74 6f 74 79
70 65 20 70 6f 6c 6c 75  74 69 6f 6e 20 70 72 6f
74 65 63 74 69 6f 6e 2c  20 4b 61 68 6e 27 73 20
44 41 47 20 63 79 63 6c  65 20 64 65 74 65 63 74
69 6f 6e 2c 20 74 6f 70  6f 6c 6f 67 69 63 61 6c
20 65 78 65 63 75 74 69  6f 6e 20 6f 72 64 65 72
2c 20 64 79 6e 61 6d 69  63 20 62 69 6e 64 69 6e
67 73 20 6d 61 70 2e 0d  0a 0d 0a 2d 20 2a 2a 50
68 61 73 65 20 33 3a 20  55 6e 69 76 65 72 73 61
6c 20 54 72 61 6e 73 61  63 74 69 6f 6e 20 43 6f
6f 72 64 69 6e 61 74 6f  72 2a 2a 0d 0a 20 20 2d
20 46 69 6c 65 73 3a 20  60 73 72 63 2f 61 75 74
68 6f 72 69 6e 67 2f 53  63 65 6e 65 53 74 61 74
65 48 61 73 68 65 72 2e  74 73 60 2c 20 60 73 72
63 2f 61 75 74 68 6f 72  69 6e 67 2f 49 6e 76 65
72 73 65 4f 70 65 72 61  74 69 6f 6e 2e 74 73 60
2c 20 60 73 72 63 2f 61  75 74 68 6f 72 69 6e 67
2f 54 72 61 6e 73 61 63  74 69 6f 6e 4a 6f 75 72
6e 61 6c 2e 74 73 60 2c  20 60 73 72 63 2f 61 75
74 68 6f 72 69 6e 67 2f  54 72 61 6e 73 61 63 74
69 6f 6e 43 6f 6f 72 64  69 6e 61 74 6f 72 2e 74
73 60 2c 20 60 73 72 63  2f 61 75 74 68 6f 72 69
6e 67 2f 61 64 61 70 74  65 72 73 2f 69 6e 64 65
78 2e 74 73 60 0d 0a 20  20 2d 20 54 65 73 74 73
3a 20 60 74 65 73 74 2f  74 72 61 6e 73 61 63 74
69 6f 6e 43 6f 6f 72 64  69 6e 61 74 6f 72 2e 74
65 73 74 2e 74 73 60 0d  0a 20 20 2d 20 46 65 61
74 75 72 65 73 3a 20 44  75 61 6c 2d 70 72 69 6d
65 20 36 34 2d 62 69 74  20 46 4e 56 2d 31 61 20
63 61 6e 6f 6e 69 63 61  6c 20 73 74 61 74 65 20
68 61 73 68 69 6e 67 2c  20 72 65 76 65 72 73 65
2d 63 68 72 6f 6e 6f 6c  6f 67 69 63 61 6c 20 66
69 6e 65 2d 67 72 61 69  6e 65 64 20 69 6e 76 65
72 73 65 20 65 78 65 63  75 74 69 6f 6e 2c 20 63
72 61 73 68 2d 72 65 63  6f 76 65 72 79 20 74 72
61 6e 73 61 63 74 69 6f  6e 20 6c 6f 67 67 69 6e
67 2c 20 35 30 2d 63 6f  6d 6d 61 6e 64 20 73 65
65 64 65 64 20 66 75 7a  7a 20 72 6f 6c 6c 62 61
63 6b 20 74 6f 20 62 79  74 65 2d 69 64 65 6e 74
69 63 61 6c 20 73 74 61  74 65 2e 0d 0a 0d 0a 2d
20 2a 2a 50 68 61 73 65  20 34 3a 20 44 65 63 6c
61 72 61 74 69 76 65 20  50 72 6f 6a 65 63 74 20
43 6f 6d 70 69 6c 65 72  20 26 20 52 65 63 6f 6e
63 69 6c 65 72 2a 2a 0d  0a 20 20 2d 20 46 69 6c
65 73 3a 20 60 73 72 63  2f 70 72 6f 6a 65 63 74
2f 50 72 6f 6a 65 63 74  43 6f 6d 70 69 6c 65 72
2e 74 73 60 2c 20 60 73  72 63 2f 70 72 6f 6a 65
63 74 2f 50 72 6f 6a 65  63 74 52 65 63 6f 6e 63
69 6c 65 72 2e 74 73 60  2c 20 60 73 72 63 2f 70
72 6f 6a 65 63 74 2f 41  74 6f 6d 69 63 46 69 6c
65 4f 70 73 2e 74 73 60  2c 20 60 73 72 63 2f 70
72 6f 6a 65 63 74 2f 50  72 6f 6a 65 63 74 44 6f
63 75 6d 65 6e 74 2e 74  73 60 0d 0a 20 20 2d 20
54 65 73 74 73 3a 20 60  74 65 73 74 2f 70 72 6f
6a 65 63 74 52 65 63 6f  6e 63 69 6c 65 72 2e 74
65 73 74 2e 74 73 60 0d  0a 20 20 2d 20 46 65 61
74 75 72 65 73 3a 20 42  69 64 69 72 65 63 74 69
6f 6e 61 6c 20 70 72 6f  6a 65 63 74 20 41 53 54
20 3c 2d 3e 20 63 6f 6d  6d 61 6e 64 20 63 6f 6d
70 69 6c 61 74 69 6f 6e  2c 20 47 55 49 44 2d 62
61 73 65 64 20 6d 69 6e  69 6d 61 6c 20 64 65 6c
74 61 20 72 65 63 6f 6e  63 69 6c 65 72 20 28 7a
65 72 6f 20 75 6e 6e 65  63 65 73 73 61 72 79 20
65 6e 74 69 74 79 20 74  65 61 72 64 6f 77 6e 2f
72 65 73 70 61 77 6e 29  2c 20 73 63 68 65 6d 61
20 6d 69 67 72 61 74 69  6f 6e 20 70 69 70 65 6c
69 6e 65 2c 20 61 74 6f  6d 69 63 20 66 69 6c 65
20 73 74 61 67 69 6e 67  20 77 69 74 68 20 57 69
6e 64 6f 77 73 2d 73 61  66 65 20 72 65 6e 61 6d
65 20 66 61 6c 6c 62 61  63 6b 2e 0d 0a 0d 0a 2d
20 2a 2a 50 68 61 73 65  20 35 3a 20 53 65 6c 66
2d 4d 61 6e 61 67 69 6e  67 20 41 75 74 68 6f 72
69 6e 67 20 44 61 65 6d  6f 6e 2a 2a 0d 0a 20 20
2d 20 46 69 6c 65 73 3a  20 60 73 72 63 2f 73 65
72 76 65 72 2f 4c 6f 63  6b 4d 61 6e 61 67 65 72
2e 74 73 60 2c 20 60 73  72 63 2f 73 65 72 76 65
72 2f 44 61 65 6d 6f 6e  4d 61 6e 61 67 65 72 2e
74 73 60 2c 20 60 73 63  72 69 70 74 73 2f 6d 69
78 2d 68 65 6c 6d 2e 6a  73 60 0d 0a 20 20 2d 20
54 65 73 74 73 3a 20 60  74 65 73 74 2f 64 61 65
6d 6f 6e 4d 61 6e 61 67  65 72 2e 74 65 73 74 2e
74 73 60 0d 0a 20 20 2d  20 46 65 61 74 75 72 65
73 3a 20 50 72 6f 6a 65  63 74 2d 73 63 6f 70 65
64 20 6c 6f 63 6b 20 66  69 6c 65 73 20 28 60 2e
6d 69 78 2f 64 61 65 6d  6f 6e 2e 6c 6f 63 6b 60
29 2c 20 73 74 61 6c 65  20 70 72 6f 63 65 73 73
20 50 49 44 20 76 61 6c  69 64 61 74 69 6f 6e 2c
20 64 61 65 6d 6f 6e 20  6c 69 66 65 63 79 63 6c
65 20 6d 61 6e 61 67 65  6d 65 6e 74 2c 20 64 79
6e 61 6d 69 63 20 70 6f  72 74 20 64 69 73 63 6f
76 65 72 79 2e 0d 0a 0d  0a 2d 20 2a 2a 50 68 61
73 65 20 36 3a 20 50 72  6f 64 75 63 74 69 6f 6e
20 41 73 73 65 74 20 44  61 74 61 62 61 73 65 20
26 20 43 6f 6f 6b 65 72  2a 2a 0d 0a 20 20 2d 20
46 69 6c 65 73 3a 20 60  73 72 63 2f 61 73 73 65
74 73 2f 53 69 64 65 63  61 72 4d 65 74 61 64 61
74 61 2e 74 73 60 2c 20  60 73 72 63 2f 61 73 73
65 74 73 2f 41 73 73 65  74 44 61 74 61 62 61 73
65 2e 74 73 60 2c 20 60  73 72 63 2f 61 73 73 65
74 73 2f 41 73 73 65 74  43 6f 6f 6b 65 72 2e 74
73 60 0d 0a 20 20 2d 20  54 65 73 74 73 3a 20 60
74 65 73 74 2f 61 73 73  65 74 44 61 74 61 62 61
73 65 2e 74 65 73 74 2e  74 73 60 0d 0a 20 20 2d
20 46 65 61 74 75 72 65  73 3a 20 50 65 72 73 69
73 74 65 6e 74 20 73 69  64 65 63 61 72 20 6d 65
74 61 64 61 74 61 20 28  60 3c 61 73 73 65 74 3e
2e 6d 65 74 61 2e 6a 73  6f 6e 60 29 2c 20 73 74
61 62 6c 65 20 47 55 49  44 20 70 72 65 73 65 72
76 61 74 69 6f 6e 20 6f  6e 20 66 69 6c 65 20 6d
6f 76 65 2f 72 65 6e 61  6d 65 2c 20 66 6f 72 77
61 72 64 2f 72 65 76 65  72 73 65 20 64 65 70 65
6e 64 65 6e 63 79 20 67  72 61 70 68 73 2c 20 63
69 72 63 75 6c 61 72 20  64 65 70 65 6e 64 65 6e
63 79 20 63 79 63 6c 65  20 64 65 74 65 63 74 69
6f 6e 2c 20 64 65 70 6c  6f 79 6d 65 6e 74 20 6d
61 6e 69 66 65 73 74 20  63 6f 6f 6b 65 72 2e 0d
0a 0d 0a 2d 20 2a 2a 50  68 61 73 65 20 37 3a 20
57 6f 72 6c 64 20 50 61  72 74 69 74 69 6f 6e 20
26 20 53 74 72 65 61 6d  69 6e 67 20 50 69 70 65
6c 69 6e 65 2a 2a 0d 0a  20 20 2d 20 46 69 6c 65
73 3a 20 60 73 72 63 2f  73 74 72 65 61 6d 69 6e
67 2f 57 6f 72 6c 64 50  61 72 74 69 74 69 6f 6e
65 72 2e 74 73 60 2c 20  60 73 72 63 2f 73 74 72
65 61 6d 69 6e 67 2f 53  74 72 65 61 6d 69 6e 67
42 75 6e 64 6c 65 72 2e  74 73 60 2c 20 60 73 72
63 2f 73 74 72 65 61 6d  69 6e 67 2f 63 68 75 6e
6b 4d 61 74 68 2e 74 73  60 0d 0a 20 20 2d 20 54
65 73 74 73 3a 20 60 74  65 73 74 2f 77 6f 72 6c
64 50 61 72 74 69 74 69  6f 6e 65 72 2e 74 65 73
74 2e 74 73 60 0d 0a 20  20 2d 20 46 65 61 74 75
72 65 73 3a 20 53 70 61  74 69 61 6c 20 63 65 6c
6c 20 70 61 72 74 69 74  69 6f 6e 69 6e 67 20 28
60 63 78 7c 63 7a 60 29  2c 20 68 69 65 72 61 72
63 68 79 20 62 75 6e 64  6c 69 6e 67 20 65 6e 73
75 72 69 6e 67 20 63 68  69 6c 64 20 65 6e 74 69
74 69 65 73 20 61 6e 63  68 6f 72 20 74 6f 20 70
61 72 65 6e 74 27 73 20  63 68 75 6e 6b 20 63 65
6c 6c 2c 20 67 72 69 64  2d 6c 6f 63 61 6c 20 63
6f 6f 72 64 69 6e 61 74  65 20 70 61 63 6b 61 67
69 6e 67 2c 20 73 74 72  65 61 6d 69 6e 67 20 62
75 6e 64 6c 65 20 6d 61  6e 69 66 65 73 74 73 2e
0d 0a 0d 0a 2d 20 2a 2a  50 68 61 73 65 20 38 3a
20 50 72 6f 66 69 6c 69  6e 67 2c 20 51 41 20 26
20 52 65 67 72 65 73 73  69 6f 6e 20 49 6e 66 72
61 73 74 72 75 63 74 75  72 65 2a 2a 0d 0a 20 20
2d 20 46 69 6c 65 73 3a  20 60 73 72 63 2f 64 69
61 67 6e 6f 73 74 69 63  73 2f 50 65 72 66 6f 72
6d 61 6e 63 65 50 72 6f  66 69 6c 65 72 2e 74 73
60 2c 20 60 73 72 63 2f  64 69 61 67 6e 6f 73 74
69 63 73 2f 52 65 67 72  65 73 73 69 6f 6e 48 61
72 6e 65 73 73 2e 74 73  60 0d 0a 20 20 2d 20 54
65 73 74 73 3a 20 60 74  65 73 74 2f 70 65 72 66
6f 72 6d 61 6e 63 65 52  65 67 72 65 73 73 69 6f
6e 2e 74 65 73 74 2e 74  73 60 0d 0a 20 20 2d 20
46 65 61 74 75 72 65 73  3a 20 46 72 61 6d 65 20
74 69 6d 65 6c 69 6e 65  20 73 75 62 73 79 73 74
65 6d 20 61 74 74 72 69  62 75 74 69 6f 6e 20 28
50 68 79 73 69 63 73 2c  20 49 6e 70 75 74 2c 20
41 6e 69 6d 61 74 69 6f  6e 2c 20 52 65 6e 64 65
72 2c 20 41 75 64 69 6f  2c 20 50 6f 73 74 46 58
29 2c 20 70 35 30 2f 70  39 35 2f 70 39 39 20 73
74 61 74 73 2c 20 62 75  64 67 65 74 20 76 69 6f
6c 61 74 69 6f 6e 20 61  6c 65 72 74 73 2c 20 67
6f 6c 64 65 6e 20 62 61  73 65 6c 69 6e 65 20 72
65 67 72 65 73 73 69 6f  6e 20 63 6f 6d 70 61 72
69 73 6f 6e 73 2c 20 31  30 2d 63 79 63 6c 65 20
7a 65 72 6f 2d 6c 65 61  6b 20 73 6f 61 6b 20 74
65 73 74 20 68 61 72 6e  65 73 73 2e 0d 0a 0d 0a
2d 20 2a 2a 50 68 61 73  65 20 39 3a 20 52 65 6e
64 65 72 69 6e 67 20 26  20 4d 61 74 65 72 69 61
6c 20 53 63 61 6c 61 62  69 6c 69 74 79 2a 2a 0d
0a 20 20 2d 20 46 69 6c  65 73 3a 20 60 73 72 63
2f 72 65 6e 64 65 72 69  6e 67 2f 52 65 6e 64 65
72 47 72 61 70 68 2e 74  73 60 2c 20 60 73 72 63
2f 6d 61 74 65 72 69 61  6c 73 2f 4d 61 74 65 72
69 61 6c 4e 6f 64 65 47  72 61 70 68 2e 74 73 60
0d 0a 20 20 2d 20 54 65  73 74 73 3a 20 60 74 65
73 74 2f 72 65 6e 64 65  72 41 6e 64 4d 61 74 65
72 69 61 6c 73 2e 74 65  73 74 2e 74 73 60 0d 0a
20 20 2d 20 46 65 61 74  75 72 65 73 3a 20 44 41
47 2d 62 61 73 65 64 20  72 65 6e 64 65 72 20 70
61 73 73 20 63 6f 6f 72  64 69 6e 61 74 6f 72 20
77 69 74 68 20 74 6f 70  6f 6c 6f 67 69 63 61 6c
20 73 6f 72 74 69 6e 67  20 61 6e 64 20 72 65 73
6f 75 72 63 65 20 70 6f  6f 6c 69 6e 67 2c 20 64
65 63 6c 61 72 61 74 69  76 65 20 70 72 6f 63 65
64 75 72 61 6c 20 6d 61  74 65 72 69 61 6c 20 6e
6f 64 65 20 67 72 61 70  68 20 77 69 74 68 20 47
4c 53 4c 20 76 65 72 74  65 78 2f 66 72 61 67 6d
65 6e 74 20 63 6f 6d 70  69 6c 65 72 20 61 6e 64
20 54 68 72 65 65 2e 6a  73 20 53 68 61 64 65 72
4d 61 74 65 72 69 61 6c  20 67 65 6e 65 72 61 74
69 6f 6e 2e 0d 0a 0d 0a  2d 20 2a 2a 50 68 61 73
65 20 31 30 3a 20 43 6f  6c 6c 61 62 6f 72 61 74
69 6f 6e 2c 20 53 65 63  75 72 69 74 79 2c 20 41
63 63 65 73 73 69 62 69  6c 69 74 79 20 26 20 53
68 69 70 70 69 6e 67 2a  2a 0d 0a 20 20 2d 20 46
69 6c 65 73 3a 20 60 73  72 63 2f 61 75 74 68 6f
72 69 6e 67 2f 45 64 69  74 4c 65 61 73 65 4d 61
6e 61 67 65 72 2e 74 73  60 2c 20 60 73 72 63 2f
61 75 74 68 6f 72 69 6e  67 2f 43 61 70 61 62 69
6c 69 74 79 47 75 61 72  64 2e 74 73 60 2c 20 60
73 72 63 2f 61 75 74 68  6f 72 69 6e 67 2f 52 65
6c 65 61 73 65 56 61 6c  69 64 61 74 6f 72 2e 74
73 60 0d 0a 20 20 2d 20  54 65 73 74 73 3a 20 60
74 65 73 74 2f 63 6f 6c  6c 61 62 6f 72 61 74 69
6f 6e 41 6e 64 53 65 63  75 72 69 74 79 2e 74 65
73 74 2e 74 73 60 0d 0a  20 20 2d 20 46 65 61 74
75 72 65 73 3a 20 4d 75  6c 74 69 2d 61 67 65 6e
74 20 63 6f 6e 63 75 72  72 65 6e 63 79 20 65 64
69 74 20 6c 65 61 73 65  73 20 77 69 74 68 20 54
54 4c 20 65 78 70 69 72  61 74 69 6f 6e 2c 20 63
61 70 61 62 69 6c 69 74  79 2d 62 61 73 65 64 20
52 42 41 43 20 70 65 72  6d 69 73 73 69 6f 6e 20
67 75 61 72 64 2c 20 70  72 65 2d 66 6c 69 67 68
74 20 72 65 6c 65 61 73  65 20 61 6e 64 20 65 78
70 6f 72 74 20 76 61 6c  69 64 61 74 6f 72 2e 0d
0a 0d 0a 2d 20 2a 2a 4d  61 73 74 65 72 20 49 6e
74 65 67 72 61 74 69 6f  6e 2a 2a 0d 0a 20 20 2d
20 46 69 6c 65 73 3a 20  60 74 65 73 74 2f 61 61
61 49 6e 74 65 67 72 61  74 69 6f 6e 45 32 45 2e
74 65 73 74 2e 74 73 60  20 28 75 6e 69 66 69 65
73 20 61 6c 6c 20 31 30  20 73 75 62 73 79 73 74
65 6d 73 20 69 6e 74 6f  20 61 20 73 69 6e 67 6c
65 20 65 6e 64 2d 74 6f  2d 65 6e 64 20 69 6e 74
65 67 72 61 74 69 6f 6e  20 70 69 70 65 6c 69 6e
65 29 2e 0d 0a 20 20 2d  20 50 72 6f 67 72 65 73
73 20 4c 65 64 67 65 72  3a 20 60 64 6f 63 73 2f
41 41 41 5f 49 44 45 5f  49 4d 50 4c 45 4d 45 4e
54 41 54 49 4f 4e 5f 53  54 41 54 55 53 2e 6d 64
60 0d 0a 0d 0a 3d 3d 3d  3d 3d 3d 3d 3d 3d 3d 3d
3d 3d 3d 3d 3d 3d 3d 3d  3d 3d 3d 3d 3d 3d 3d 3d
3d 3d 3d 3d 3d 3d 3d 3d  3d 3d 3d 3d 3d 3d 3d 3d
3d 3d 3d 3d 3d 3d 3d 3d  3d 3d 3d 3d 3d 3d 3d 3d
3d 0d 0a 32 2e 20 43 4f  44 45 20 52 45 56 49 45
57 20 49 4e 53 54 52 55  43 54 49 4f 4e 53 0d 0a
3d 3d 3d 3d 3d 3d 3d 3d  3d 3d 3d 3d 3d 3d 3d 3d
3d 3d 3d 3d 3d 3d 3d 3d  3d 3d 3d 3d 3d 3d 3d 3d
3d 3d 3d 3d 3d 3d 3d 3d  3d 3d 3d 3d 3d 3d 3d 3d
3d 3d 3d 3d 3d 3d 3d 3d  3d 3d 3d 3d 0d 0a 50 6c
65 61 73 65 20 69 6e 73  70 65 63 74 20 74 68 65
20 66 69 6c 65 73 20 6c  69 73 74 65 64 20 61 62
6f 76 65 20 61 6e 64 20  65 76 61 6c 75 61 74 65
20 74 68 65 20 69 6d 70  6c 65 6d 65 6e 74 61 74
69 6f 6e 20 61 63 72 6f  73 73 20 74 68 65 73 65
20 64 69 6d 65 6e 73 69  6f 6e 73 3a 0d 0a 0d 0a
31 2e 20 2a 2a 41 72 63  68 69 74 65 63 74 75 72
61 6c 20 49 6e 76 61 72  69 61 6e 74 73 2a 2a 3a
0d 0a 20 20 20 2d 20 56  65 72 69 66 79 20 74 68
61 74 20 74 68 65 20 63  6f 72 65 20 65 6e 67 69
6e 65 20 6c 6f 6f 70 20  69 6e 76 61 72 69 61 6e
74 73 20 28 49 6e 70 75  74 20 2d 3e 20 46 69 78
65 64 20 50 68 79 73 69  63 73 20 2d 3e 20 44 65
66 65 72 72 65 64 20 4d  75 74 61 74 69 6f 6e 73
20 2d 3e 20 52 65 6e 64  65 72 20 2d 3e 20 45 6e
64 2d 6f 66 2d 66 72 61  6d 65 20 49 6e 70 75 74
20 63 6c 65 61 6e 75 70  29 20 61 72 65 20 73 74
72 69 63 74 6c 79 20 70  72 65 73 65 72 76 65 64
2e 0d 0a 20 20 20 2d 20  56 65 72 69 66 79 20 74
68 61 74 20 72 75 6e 74  69 6d 65 20 6e 75 6d 65
72 69 63 20 49 44 73 20  61 72 65 20 6e 65 76 65
72 20 70 65 72 73 69 73  74 65 64 20 61 6e 64 20
70 65 72 73 69 73 74 65  6e 74 20 47 55 49 44 73
20 61 72 65 20 75 73 65  64 20 65 76 65 72 79 77
68 65 72 65 2e 0d 0a 20  20 20 2d 20 56 65 72 69
66 79 20 74 68 61 74 20  61 6c 6c 20 63 6f 72 65
20 61 75 74 68 6f 72 69  6e 67 20 63 6f 64 65 20
69 73 20 68 65 61 64 6c  65 73 73 2d 73 61 66 65
20 28 6e 6f 20 75 6e 67  75 61 72 64 65 64 20 62
72 6f 77 73 65 72 20 44  4f 4d 20 2f 20 77 69 6e
64 6f 77 20 2f 20 64 6f  63 75 6d 65 6e 74 20 69
6d 70 6f 72 74 73 29 2e  0d 0a 0d 0a 32 2e 20 2a
2a 53 65 63 75 72 69 74  79 20 26 20 53 61 6e 64
62 6f 78 20 53 61 66 65  74 79 2a 2a 3a 0d 0a 20
20 20 2d 20 43 68 65 63  6b 20 60 73 72 63 2f 63
6f 6d 6d 61 6e 64 73 2f  44 61 74 61 66 6c 6f 77
52 65 73 6f 6c 76 65 72  2e 74 73 60 20 66 6f 72
20 70 72 6f 74 6f 74 79  70 65 20 70 6f 6c 6c 75
74 69 6f 6e 20 70 72 65  76 65 6e 74 69 6f 6e 20
28 60 5f 5f 70 72 6f 74  6f 5f 5f 60 2c 20 60 63
6f 6e 73 74 72 75 63 74  6f 72 60 2c 20 60 70 72
6f 74 6f 74 79 70 65 60  29 2e 0d 0a 20 20 20 2d
20 43 68 65 63 6b 20 60  73 72 63 2f 61 75 74 68
6f 72 69 6e 67 2f 43 61  70 61 62 69 6c 69 74 79
47 75 61 72 64 2e 74 73  60 20 66 6f 72 20 70 65
72 6d 69 73 73 69 6f 6e  20 65 6e 66 6f 72 63 65
6d 65 6e 74 2e 0d 0a 0d  0a 33 2e 20 2a 2a 43 6f
6e 63 75 72 72 65 6e 63  79 2c 20 54 72 61 6e 73
61 63 74 69 6f 6e 73 20  26 20 52 6f 6c 6c 62 61
63 6b 2a 2a 3a 0d 0a 20  20 20 2d 20 43 68 65 63
6b 20 60 73 72 63 2f 61  75 74 68 6f 72 69 6e 67
2f 54 72 61 6e 73 61 63  74 69 6f 6e 43 6f 6f 72
64 69 6e 61 74 6f 72 2e  74 73 60 20 61 6e 64 20
60 73 72 63 2f 61 75 74  68 6f 72 69 6e 67 2f 49
6e 76 65 72 73 65 4f 70  65 72 61 74 69 6f 6e 2e
74 73 60 20 66 6f 72 20  72 6f 6c 6c 62 61 63 6b
20 73 61 66 65 74 79 2e  0d 0a 20 20 20 2d 20 43
68 65 63 6b 20 60 73 72  63 2f 61 75 74 68 6f 72
69 6e 67 2f 45 64 69 74  4c 65 61 73 65 4d 61 6e
61 67 65 72 2e 74 73 60  20 66 6f 72 20 72 61 63
65 20 63 6f 6e 64 69 74  69 6f 6e 73 20 61 6e 64
20 6c 65 61 73 65 20 65  78 70 69 72 61 74 69 6f
6e 2e 0d 0a 0d 0a 34 2e  20 2a 2a 43 72 6f 73 73
2d 50 6c 61 74 66 6f 72  6d 20 52 65 73 69 6c 69
65 6e 63 65 2a 2a 3a 0d  0a 20 20 20 2d 20 43 68
65 63 6b 20 60 73 72 63  2f 70 72 6f 6a 65 63 74
2f 41 74 6f 6d 69 63 46  69 6c 65 4f 70 73 2e 74
73 60 20 61 6e 64 20 60  73 72 63 2f 73 65 72 76
65 72 2f 4c 6f 63 6b 4d  61 6e 61 67 65 72 2e 74
73 60 20 66 6f 72 20 57  69 6e 64 6f 77 73 20 76
73 20 50 4f 53 49 58 20  70 61 74 68 20 68 61 6e
64 6c 69 6e 67 20 61 6e  64 20 66 69 6c 65 20 6c
6f 63 6b 20 73 65 6d 61  6e 74 69 63 73 2e 0d 0a
0d 0a 35 2e 20 2a 2a 54  65 73 74 20 43 6f 76 65
72 61 67 65 20 26 20 45  64 67 65 20 43 61 73 65
73 2a 2a 3a 0d 0a 20 20  20 2d 20 52 65 76 69 65
77 20 74 68 65 20 74 65  73 74 20 73 75 69 74 65
73 20 69 6e 20 60 74 65  73 74 2f 2a 2e 74 65 73
74 2e 74 73 60 20 61 6e  64 20 69 64 65 6e 74 69
66 79 20 61 6e 79 20 65  64 67 65 20 63 61 73 65
73 2c 20 6d 69 73 73 69  6e 67 20 74 65 73 74 20
73 63 65 6e 61 72 69 6f  73 2c 20 6f 72 20 6f 70
70 6f 72 74 75 6e 69 74  69 65 73 20 66 6f 72 20
6f 70 74 69 6d 69 7a 61  74 69 6f 6e 2e 0d 0a 0d
0a 50 72 6f 76 69 64 65  20 61 20 63 6c 65 61 72
2c 20 70 72 69 6f 72 69  74 69 7a 65 64 20 72 65
76 69 65 77 20 73 75 6d  6d 61 72 79 20 77 69 74
68 20 61 6e 79 20 61 63  74 69 6f 6e 61 62 6c 65
20 73 75 67 67 65 73 74  69 6f 6e 73 20 6f 72 20
70 72 61 69 73 65 20 66  6f 72 20 77 68 61 74 20
77 61 73 20 64 6f 6e 65  20 77 65 6c 6c 2e 0d 0a
60 60 60
